DAR ES SALAAM STOCK EXCHANGE
Market Report
Tuesday, 18th February 2025
DSE recorded a total turnover of TZS 1,107.14 mln from 1,535,559 shares traded in 579 deals; and TZS 15.39 Billion from bond traded in 17 deals.
EQUITY DAILY PRICES
DATE: 18-February-2025
Co. Opening Price(TZS) Closing Price(TZS) High(TZS) Low(TZS) Turnover(TZS) Deals Volume Market Cap (TZS) Billions Outstanding Bids Outstanding Offers
AFRIPRISE 215 220 220 215 2,641,930 81 12,009 32.13 8,188 62,076
CRDB 710 720 730 710 1,042,638,710 303 1,483,268 1,880.52 614,913 273,618
DCB 135 135 140 130 2,546,905 53 19,106 22.00 362 62,128
DSE 2,320 2,280 2,320 2,280 1,471,400 8 645 54.32 645 0
EABL 3,700 3,800 0 0 0 0 0 3,004.94 0 0
JATU 265 265 0 0 0 0 0 5.28 0 5,439
JHL 3,950 4,000 0 0 0 0 0 289.89 0 0
KA** 80 80 0 0 0 0 0 454.51 0 0
KCB 890 890 0 0 0 0 0 2,643.60 0 0
MBP 310 310 310 300 483,300 4 1,560 9.36 180 6,815
MCB 310 310 310 310 3,100 1 10 19.17 20 640
MKCB 600 600 600 600 1,240,200 3 2,067 14.13 105 14,233
MUCOBA 400 400 400 400 12,000 2 30 13.07 0 12,266
NICO 630 640 690 620 4,063,690 58 6,320 39.45 28,002 11,251
**Suspended
NMB 5,700 5,700 5,850 5,700 46,202,250 23 7,962 2,850.00 462 5,258
NMG 290 280 0 0 0 0 0 52.79 0 0
PAL 400 400 400 400 60,000 4 150 64.19 0 100
SWALA 450 450 0 0 0 0 0 47.79 0 0
SWIS 1,000 1,000 1,100 1,100 170,500 5 155 36.00 760 45
TBL 10,900 10,900 10,400 10,400 1,456,000 3 140 3,216.11 0 105,454
TCC 17,000 17,000 16,200 16,200 486,000 2 30 1,700.00 0 77,208
TCCL 1,900 1,900 1,980 1,940 407,800 3 210 120.97 5,035 4,655
TOL 670 670 0 0 0 0 0 38.53 153 0
TPCC 4,000 4,000 4,100 4,000 2,264,400 9 557 719.69 7,380 8,105
TTP 120 120 0 0 0 0 0 11.41 875 0
USL 5 5 0 0 0 0 0 1.82 0 0
VODA 770 770 740 740 991,600 17 1,340 1,724.80 0 270,494
YETU 510 510 0 0 0 0 0 6.18 0 0
Total 1,107,139,785 579 1,535,559 19,072.67
